12952482
12952486
12952487
12952489
12952490
12952491
12981711
12981713
12981714
12981715
12981716
12981717
13014812
13014814
13014815
13014816
13014817
13014818
13038733
13038734
13038736
13066416
13066417
13066418
13066419
13091323
13091324
13091325
13091326
13123499
13123501
13123504
13152330
13152331
13152332
13152333
13152334
13152336
13180346
13180347
13208016
13208017
13230939
13230941
13230942
13230944
13230945
13230946
13260156
13260157
14321007
17366969
17366970
17366972
17394673
17394676
17394677
17394679
17394680
17423596
17423598
17423599
17423600
17423601
17423603
17423606
17423607
17423608
17423609
17446353
17446354
17446355
17446356
17446358
17446359
17476384
17476385
17476388
17476389
17476391
17476392
17505312
17505315
17505318
17539503
17539504
17564048
17564052
17564053
17564058
17564060
17564061
17587616
17587618
17617958
17617965
17646221
17671989
17671993
17671994
